image: /home/mowen/robo2026_ws/src/robot_vs/maps/mymap.pgm
resolution: 0.050000
origin: [-17.400000, -3.000000, 0.000000]
negate: 0
occupied_thresh: 0.65
free_thresh: 0.196

